T001:20,13,83,37,13,28,36,76,71,84,55,56,41,84,35,55,25,85,77,96,35,51,89
T002:62,68,36,11,26,65,53,45,70,20,10,27,87,30,45,21,83,38,68,91,60,36,1,2,3,4,5,6,7,8,9,39,89,59,60,66,50
T003:95,18,98,94,23,45,74,52,80,65,71,57,22,20,95,86,90,55,22,20,79,63,73
T004:18,15,95,10,95,18,92,46,46,51,53,25,90,15,71,54
T005:87,63,76,13,21,25,71,86,57,47,16,66,16,62
T006:15,43,10,32,86,98,26,11,71,89,43,54,95,24,42,23
T007:42,77,45,36,74,58,28,56,59,31,84,48,21,68,61,42,84,38,89,15,87
T008:61,33,73,14,64,98,62,68,37,93,28,57,33,11
T009:68,91,83,38,65,93,63,75,71,86,14,64
T010:44,15,83,50,66,91,20,27,78,92,45,43,11,10,10,92,61
T011:82,49,94,21,53,69,54,84,55,95,30,68,90,80,33,23,59,18,1,2,3,4,5,6,7,8,9,31,56,42
T012:97,27,14,93,59,85,82,64,44,72,58,64,59,86,38,85,12,85,80
T013:56,19,34,84,36,40,60,41,47,73,14,86,98,90,43,78,87,10,26
T014:97,49,20,97,84,70,42,55,68,23,33,37,76,87,34,37,82
T015:65,56,53,73,17,61,42,90,72,36,10,51,42,97,33,51,79,50,14,20,42,64
T016:33,78,15,24,68,73,66,88,90,56,24,61,65,67,62,84,65,56,70,71,91,73,37,1,2,3,4,5,6,7,8,9,55,84,64,79,90,32
T017:71,72,61,58,60,52,66,74,93,55,48,28,27
T018:68,58,71,95,70,34,25,44,54,22,49,88,31,29,30,60,91,19,64,13,32,35,1,2,3,4,5,6,7,8,9,85,93,10
T019:83,70,51,77,47,98,96,53,15,89,52,85,94,26,37,28,20,95,77,63,66,36,25
T020:81,48,32,25,85,31,58,30,39,84,71,63,70,21,50
T021:19,13,76,98,64,30,12,14,88,83,95,71,72
T022:46,67,63,53,41,83,27,41,96,66,25,51,13,13,40,23,94,86,51,88,30,16,22,66
T023:11,43,41,39,55,37,81,20,47,44,98,51,65,86,91,25,45,61,16,93,47,94,92,1,2,3,4,5,6,7,8,9
T024:54,65,71,14,79,63,57,81,11,82,93,97,66,75,75,63,41,94,38,24,17,48
T025:94,15,41,52,43,41,80,51,84,75,41,62,33,98,20,40,87,34,30,56
T026:42,71,72,49,43,92,67,78,49,31,31,89,79,80,83,85,35,89,83,1,2,3,4,5,6,7,8,9,14,63,18
T027:59,75,14,59,21,24,28,95,96,47,68,20,87,88,43,17,81,88,18,38
T028:63,29,51,32,85,14,74,10,53,70,56,69,54
T029:48,27,87,67,38,15,77,10,55,71,77,40,69,56,81,61,35,48,83,1,2,3,4,5,6,7,8,9,54,15,96,54,37,51,78,13,60,32,20,28
T030:44,91,86,40,20,20,75,51,29,71,11,48,33,24,93,75,80,29,54,71,27,1,2,3,4,5,6,7,8,9,82,42,22,12,57,30,13,24,73
T031:75,79,22,28,17,14,21,44,56,56,37,46,95,98,37,49,81,30,70,53,19,52,56,10,69,1,2,3,4,5,6,7,8,9,52,92,21,56
T032:85,93,56,10,54,37,33,74,94,24,33,45,63,39,13,27,13,33,37,29,27,36,10,11,16,1,2,3,4,5,6,7,8,9,75,63,50,88,46
T033:81,56,77,70,79,58,89,21,66,87,36,68,16,55,96,17,10,34,12,45,82,37,27,58,39,79
T034:65,53,45,73,70,39,49,74,10,94,26,75,50,10,59,55,87,10,19,41,81,80,39,1,2,3,4,5,6,7,8,9,33,35,33,18,87
T035:52,87,73,38,44,50,55,14,53,48,76,14,44,62,61,47,72,27,29,74,77,73,1,2,3,4,5,6,7,8,9,21,14
T036:63,20,80,91,93,31,44,79,53,39,38,68,74,54,62,64,81,1,2,3,4,5,6,7,8,9,22,85,94,85,51,47,84,10,23,97,48,50,47,87
T037:21,64,86,39,39,28,72,39,89,58,92,74,22,77,15,59,58,91,74,95
T038:17,36,57,84,20,92,37,58,21,52,47,12,21,35,60,45,32,44,18
T039:48,19,96,10,25,89,86,32,63,26,62,76,38,21
T040:77,61,22,79,11,28,68,81,70,64,61,82,15,77,89,18,49,1,2,3,4,5,6,7,8,9,69,81,19,89,51,95,53,36,20,56,74
T041:79,66,77,30,96,11,25,76,13,73,58,58,95,87,71,92,81,45,69,74,40,37,89,53,1,2,3,4,5,6,7,8,9,60,67,60
T042:89,78,25,93,39,78,93,90,30,77,88,60,81,46,84,33,31,71,91,74,77,74,16,14,86,45
T043:58,37,72,80,84,41,12,58,84,39,27,28,43,97,10,15,81,52,88,81,34,31,45,19,22,57,1,2,3,4,5,6,7,8,9,44,39
T044:53,28,83,14,70,74,68,68,34,81,94,79,50,69,92,51,34,82,87,52
T045:68,92,51,29,97,74,31,60,69,63,87,82,27,24,57,15,84,39,12
T046:85,26,98,55,65,72,61,50,49,25,92,98,61,36,80
T047:52,15,93,75,65,20,24,91,82,33,56,76,11,71,39
T048:74,13,90,47,76,77,20,25,54,68,98,93,84,92,55,81,37,27,18,19,21,37,37,1,2,3,4,5,6,7,8,9,13,30,15,60
T049:57,60,62,37,10,75,77,98,50,42,36,32
T050:26,26,31,72,12,25,26,90,49,58,42,33,17,54,86
T051:94,47,21,49,76,26,77,82,67,83,20,71,71
T052:47,94,21,32,66,81,97,48,40,53,81,42
T053:21,96,41,65,21,37,61,14,39,87,71,50,13,49,86,46,74,83,29,1,2,3,4,5,6,7,8,9,89,59,22,46,79,43,89,15,27,47,40
T054:22,80,52,12,33,67,42,55,90,34,51,85,50
T055:84,73,75,91,12,91,10,25,98,54,45,17,90,75,62,74,55,57,23,82,92,45,57,41,13,88,86,1,2,3,4,5,6,7,8,9,62,57,83,78
T056:74,93,48,13,31,68,69,56,83,25,68,93,47,15,94,69,19,83,79,17,82,56,28,85,64,1,2,3,4,5,6,7,8,9,36,72,67,27,64,84
T057:73,88,16,10,76,37,79,91,40,44,68,13,24,25,37,58,37,1,2,3,4,5,6,7,8,9,43,10,24,87,17,97,22,87
T058:13,57,43,78,85,19,22,88,32,34,42,21,21,22,38,54,40,67,34,43,88,45,42,43,21,67
T059:70,33,91,60,81,20,14,67,12,95,53,58
T060:85,20,89,15,46,56,77,23,24,43,70,48,55,24,71,94,38,87,55,76,10,41,67,52
T061:57,96,77,92,79,20,24,83,81,83,66,18,90,30,46,23,27,26,59,64,96,38,61,82,90,85,12,89,18,45,1,2,3,4,5,6,7,8,9
T062:31,24,10,98,46,19,53,72,96,91,75,45,66,58,74,53,56
T063:80,82,46,72,63,67,13,22,82,57,97,50,78,39,34,14,60,62,43,83,95,31,48,69
T064:84,50,10,24,63,50,88,44,63,46,13,32,84,34,79,25,85,33,14,74,95
T065:79,78,85,39,64,71,23,87,90,63,49,44,64,47,88,28,64,56,95,82
T066:91,40,68,21,29,28,53,53,79,96,71,97,25,92,96,81,50,71,58,63,12,71,72,36,42,71,40,63,15,50,1,2,3,4,5,6,7,8,9
T067:94,72,87,50,68,97,80,11,30,72,25,88,66,14,27,91,16,29,39
T068:27,26,51,63,64,74,52,92,45,56,36,85,88,89,94,87,53,76,10,74
T069:22,81,18,30,39,49,34,54,57,85,15,20,89,43,23,86,44,46,66,1,2,3,4,5,6,7,8,9,36,59,49,26,52,49,22,63,28,95,60
T070:53,52,51,25,29,84,83,92,77,39,66,77,81,72,53,63,25,38,40
T071:10,27,44,74,92,57,42,82,52,80,94,96,59,52,70,71,67,49,15,79,58,85,63,85
T072:75,17,85,64,62,61,73,23,82,64,51,15
T073:58,96,20,94,48,66,18,36,53,97,68,19,77,39,94
T074:31,73,80,79,42,81,31,78,32,11,17,41,39,88,22,97,79,88,36,97,98,1,2,3,4,5,6,7,8,9,93,65,57,23
T075:12,18,97,21,19,95,27,76,17,97,38,28,22,52,65,25,50,29,34,50,54,73,1,2,3,4,5,6,7,8,9,41,95,93,25
T076:41,17,58,32,30,56,32,32,63,23,53,48,14,51,28,66,26,65,93,71,70
T077:82,51,26,85,64,94,53,22,64,18,28,28
T078:59,67,85,14,93,25,53,31,77,75,19,85,18,18,36,85,69,98,21,74,45,89,86
T079:57,49,53,46,73,59,61,84,93,57,73,50,62,33,76,25,11,83,49,49,84,26,69,43,56,1,2,3,4,5,6,7,8,9,43,31,15
T080:27,71,15,14,66,45,70,38,76,14,89,97,17,93,59
T081:74,42,73,14,41,24,12,21,51,86,20,28,36,55,73,73,34,15,84,30,40,84,16,30,95,56,66,1,2,3,4,5,6,7,8,9,27,66
T082:81,68,79,82,96,52,86,85,14,26,49,54,58,75,60,83,28,48,1,2,3,4,5,6,7,8,9,12,80,40,55,72,69,55,57,50
T083:54,19,58,17,91,67,72,15,89,83,56,44,26,27,92,45,80,1,2,3,4,5,6,7,8,9,20,71,37,56,27,37,81,26
T084:28,16,46,73,17,88,11,62,69,66,83,80,77,54,89,88,61,12,31,59,53,82,18,13,92,66,51,45,1,2,3,4,5,6,7,8,9,68,73
T085:77,68,65,53,51,13,30,11,46,89,19,70,16,71,10
T086:16,61,97,36,22,86,69,51,65,77,51,41,36,27,70,18,71,38,63,52,72,16,41,49,92,89,61,31,1,2,3,4,5,6,7,8,9,35,88,27
T087:43,28,39,47,76,54,10,38,87,41,48,47,34,98,35,41,79,93,13,60,56,94,45,73
T088:30,45,73,89,66,74,38,98,26,91,81,97,89,36,94,68,36,25
T089:45,97,53,83,93,52,65,54,45,47,36,75,47,22,90,81,82
T090:25,41,98,33,31,27,13,68,46,20,96,89,93,82,51,62,95,55,87,13,58,43,94,16,85,76,42,72,1,2,3,4,5,6,7,8,9
T091:97,27,58,46,28,61,57,29,70,45,87,64,83,55,13,30,66,64,1,2,3,4,5,6,7,8,9,11,29,39,46,35,65,92,46,89,74,19
T092:11,31,96,94,80,86,85,25,24,65,56,88,90,64,84,10,97,93,47
T093:78,90,64,53,82,73,40,17,71,39,15,73,67
T094:15,45,46,50,38,51,36,32,56,91,53,64,17,35,78,73,88,84,30,73,1,2,3,4,5,6,7,8,9,61,24,91,48,22,87,81,20,23
T095:33,80,46,48,72,68,26,70,70,89,71,18,29,69,63,76
T096:13,97,40,46,90,52,10,20,89,40,57,35,76,52,68,39,93,37,11
T097:67,81,57,66,57,80,74,25,82,43,14,37,59,88,25,37,28,39,19,51,56,76,93,28,25,46,60,82,14,60,41,1,2,3,4,5,6,7,8,9
T098:38,51,65,93,73,56,12,22,22,25,87,31,16,59,14,64,74,22,17,60,26,11
T099:40,67,26,94,10,15,55,35,86,56,50,30,77,84,91
T100:75,78,84,22,15,89,60,81,81,60,21,17,38,13,63,38,49,68,49,39,98,16,14,40,1,2,3,4,5,6,7,8,9,73,76,96,70
T101:87,77,70,55,72,67,96,45,67,17,74,96,36,32,60,35,13,98,12,50,70,86,43,63,27
T102:61,97,76,25,30,16,89,62,15,40,29,79,90,62,68,36,29,62,1,2,3,4,5,6,7,8,9,46,69,82,79,50,49,17,82,77
T103:40,31,10,37,52,90,38,42,72,92,29,54,40,30,17,33,11,46,67,68,24,72,69,42,72,23,75
T104:42,37,31,63,16,84,36,41,62,46,33,28,60,51,14,90,36
T105:91,49,93,18,80,89,91,27,65,43,90,72,91,86,13,43,80,79,50,84
T106:80,87,75,48,13,16,85,84,92,19,49,52,35,68,52,63,96,24,83
T107:27,57,78,35,78,92,58,59,10,61,58,37,74,95,89,83,60,63,52,34
T108:66,82,16,70,36,95,49,59,59,13,51,95,92,86,73
T109:31,59,12,14,36,72,74,76,36,63,55,81,18,33,24,81,78,17,86,49,13,66,49,52,22,55,71,30,1,2,3,4,5,6,7,8,9,44,70
T110:26,40,62,61,58,46,76,30,71,51,32,18,46,72,69
T111:98,55,97,12,12,79,92,24,96,71,24,66,74,47,79,67,83,38,20,1,2,3,4,5,6,7,8,9,59
T112:37,48,39,29,97,18,85,74,23,69,35,64,76,88,35,63,62,34,21,54,66
T113:70,70,31,23,32,96,89,29,33,28,41,46,94,90,37,72,38,27,73,90,89,87
T114:18,77,39,58,21,39,85,82,41,51,86,89,69,20,27,77,22,93,30,80,91,55,89,57,60,85,1,2,3,4,5,6,7,8,9,77,90,58,11,16
T115:81,66,47,27,23,20,21,93,70,64,17,53,72,27
T116:58,11,64,72,17,95,49,86,63,98,21,13,24,32,16,70,82,85,1,2,3,4,5,6,7,8,9,47,44,81,33,23,65,33,24,48,31
T117:62,64,15,36,32,67,64,24,33,27,85,46,18,48,22,48,47,97,42,45,86
T118:49,53,97,63,64,57,57,12,87,50,61,88,97,44,30,88,76,60,86,78,58,31
T119:56,18,25,60,93,20,38,71,72,21,45,51,77,41,78,76,80,35,1,2,3,4,5,6,7,8,9,60,55,80,87
T120:54,90,16,37,94,23,64,32,56,57,18,23,85,65,57
T121:77,40,64,53,79,95,77,76,60,54,60,49,36,89,38,68,95,81,66,55,43,91,47,22,18,19,1,2,3,4,5,6,7,8,9,91
T122:12,84,93,36,49,84,75,24,62,74,17,55,98,58
T123:78,51,94,44,57,25,62,47,84,62,42,36,74,47,23,25,29,81,27
T124:72,42,12,25,97,80,41,71,30,56,51,31,52,31,48,34,51,98,93,84,38,67
T125:98,52,97,25,42,50,69,91,11,51,51,47,77,82,12,93,24,1,2,3,4,5,6,7,8,9
T126:24,44,77,28,43,94,48,42,21,21,23,68,59,13,45,72,57,93,21,15,1,2,3,4,5,6,7,8,9,25,27,70,61,92,29,37,30,91
T127:36,67,41,54,15,60,98,55,32,29,28,67,82,66,73,67,15,14,66,24,1,2,3,4,5,6,7,8,9,81,45,47,31,32,32,15
T128:13,64,41,39,46,31,94,70,63,14,89,22,45,90,16,52,65,64,21,86,49,72,21,76,52,91,1,2,3,4,5,6,7,8,9,60,23
T129:47,36,57,36,76,32,82,30,65,53,32,71,96,72,29,81,25,34,30,1,2,3,4,5,6,7,8,9,58,92,17,55,47,76,90,45,72
T130:98,93,13,74,71,58,38,64,52,25,39,35,25,41,90,45,85,17,71,73,95,52,1,2,3,4,5,6,7,8,9,49,67,84,31,75
T131:28,18,72,75,88,50,54,95,86,29,44,79,17,81,47,82,34
T132:72,38,54,98,15,31,25,50,52,19,94,56
T133:27,13,80,16,14,71,56,77,79,15,28,86,27,96,17,33,70,21,11,89
T134:65,48,39,56,72,66,90,79,29,12,76,80,94,75,56,59,73,75,35,42,47,12,61,12,68,1,2,3,4,5,6,7,8,9
T135:47,50,86,85,86,61,33,17,70,80,63,48,69,56,51,87,65,61,77,28,36,93,57
T136:77,96,71,62,21,51,89,96,36,21,90,34,17,97,47,13,34,85,26,79,54
T137:71,53,75,93,34,46,67,97,43,76,15,78,12
T138:24,44,74,62,52,57,38,98,21,26,76,21,95,34,77
T139:45,37,28,28,46,29,84,87,47,24,27,55,17,69,43,28,17,31,10,1,2,3,4,5,6,7,8,9,89,47
T140:58,37,25,20,27,67,64,64,48,81,59,95,83
T141:30,77,76,13,48,93,31,25,38,36,78,51,50,47,18,59,49,43,92,27,64,26,96,1,2,3,4,5,6,7,8,9,41,16,96,47,73,42,88,22
T142:17,93,12,70,15,22,36,87,35,77,30,71,42,34,88
T143:55,51,34,97,88,74,71,28,46,91,45,71,22,69,11,84,86,76,24,88
T144:38,61,14,43,82,37,27,11,10,38,70,88,33,86,56,90,88,72,12,23,50,1,2,3,4,5,6,7,8,9,20,21,90,56,63,11
T145:29,71,44,41,97,72,24,31,24,54,93,59,27,51,22,89,10,1,2,3,4,5,6,7,8,9,66,38,63,87,73,63,22,18,95,43,82,39,11
T146:41,63,69,15,16,50,79,46,83,74,95,38,81,62,10,25,67,19,60,19,89,83,39,46,27,39
T147:60,67,91,11,91,62,27,39,79,84,73,79,10,32,79,60,27
T148:64,21,63,93,72,54,42,60,56,18,82,73,82,31,64,30,20,98,34,20,34,37,53,43,65,62,40,93,78,40,1,2,3,4,5,6,7,8,9
T149:44,36,36,18,53,83,81,32,33,25,61,25,85,30,50,77,14,54,64,62,62,74,70,23,1,2,3,4,5,6,7,8,9,44,60,12,98,29
T150:62,85,83,77,29,63,46,45,68,49,18,77,29,82
T151:91,49,71,77,67,61,42,25,38,42,66,38,43,26,96,19,45,1,2,3,4,5,6,7,8,9,10,69,17
T152:72,74,96,54,56,49,71,55,92,79,30,88,91,79,69,80,35,56,22,27,62,95,89,26,77,39,32
T153:95,42,26,85,50,25,90,19,31,37,57,40,49,11,67,92,77
T154:63,28,52,83,46,34,84,22,27,50,49,14,38,30,44,76,48,46,54,81,38,21,97,37,91,1,2,3,4,5,6,7,8,9,88,12,42,86,70,21
